_Expr15 : ((EBP + 0xA4) ^ (((EBP + 0xA4) | (EAX ^ EBX ^ 0x2)) + 0x1))[0:8]

[9, 11, 166, 93, 17, 35, 127, 1, 48, 4, 20, 21, 194, 162, 221, 11, 95, 27, 164, 95, 240, 191, 67, 135, 13, 91, 101, 231, 10, 67, 11, 7, 135, 18, 63, 119, 143, 131, 143, 87, 79, 3, 62, 17, 127, 47, 2, 19, 250, 49]

[3820982281, 82207755, 420271014, 4124325469, 16401, 928120867, 2535535999, 1, 20528, 2803346436, 3479599124, 173223701, 41922, 134488738, 532837597, 2449061899, 4294845791, 2442137883, 4233325732, 11871, 20720, 1418273215, 51779, 939532423, 13, 1662988379, 101, 1047060199, 522, 67, 1623771147, 704696327, 67437191, 25362, 6207, 631, 2384004751, 131, 322962063, 87, 2453142351, 1761554435, 2147523390, 17, 2439161215, 6191, 2, 1043, 1826003706, 18225]

[3820982447, 2229691567, 420270848, 4124325624, 418576277, 4294948718, 2535587776, 51691, 4169781984, 2803346796, 3479599280, 173223856, 1940190198, 2139043502, 532837824, 2449062191, 4294911484, 2982083568, 4233358336, 12156, 65152, 4291559168, 1986132854, 3151980252, 248, 3810472191, 320, 1047060448, 1669324648, 250, 1623771304, 3196058356, 4023350262, 25526, 1300855584, 3456663152, 3755704254, 1892273047, 3221180316, 244, 2453142508, 1761591274, 2147523552, 1351629233, 2439159808, 3530743660, 2430634662, 1214, 1826003456, 18421]

[3820982446, 2229691566, 420270847, 4124325623, 418576276, 4294948717, 2535587775, 51690, 4169781983, 2803346795, 3479599279, 173223855, 1940190197, 2139043501, 532837823, 2449062190, 4294911483, 2982083567, 4233358335, 12155, 65151, 4291559167, 1986132853, 3151980251, 247, 3810472190, 319, 1047060447, 1669324647, 249, 1623771303, 3196058355, 4023350261, 25525, 1300855583, 3456663151, 3755704253, 1892273046, 3221180315, 243, 2453142507, 1761591273, 2147523551, 1351629232, 2439159807, 3530743659, 2430634661, 1213, 1826003455, 18420]

[497641398, 2229705685, 420270715, 4124325427, 418526946, 928139604, 1598915805, 51589, 4169781382, 57, 4171291327, 5879, 1940148222, 1691712217, 532837401, 2599318320, 4294901762, 539945583, 247431836, 56, 32123, 4274727106, 1986073268, 2212447671, 239, 2147483648, 30, 492441189, 1669323777, 154, 2386032057, 2491361970, 1170345040, 25493, 1300846693, 3456648685, 3487237747, 1892272752, 2898250861, 4294967255, 2147483645, 59077, 2147483704, 1351629036, 4137241085, 3530742539, 2430634585, 1041, 2518210598, 48783]

[497641396, 2229705687, 420270713, 4124325425, 418526944, 928139606, 1598915807, 51591, 4169781380, 59, 4171291325, 5877, 1940148220, 1691712219, 532837403, 2599318322, 4294901760, 539945581, 247431838, 58, 32121, 4274727104, 1986073270, 2212447669, 237, 2147483650, 28, 492441191, 1669323779, 152, 2386032059, 2491361968, 1170345042, 25495, 1300846695, 3456648687, 3487237745, 1892272754, 2898250863, 4294967253, 2147483647, 59079, 2147483706, 1351629038, 4137241087, 3530742537, 2430634587, 1043, 2518210596, 48781]

[497641562, 82222203, 420270879, 4124325588, 32932, 163, 1598902120, 357, 21324, 419, 4171291489, 6040, 272, 330197591, 532837638, 2599318614, 163, 206, 247399234, 233, 53593, 1435105151, 8907, 166, 352, 166, 321, 492441256, 353, 305, 1908935400, 419, 2919791939, 25659, 15040, 16176, 2652471200, 166, 32932, 206, 2147483812, 27174, 2147483812, 182, 4137242056, 7738, 255, 1214, 2518210838, 48977]

_Expr22 : ((@32[EBP + 0xA4] & 0x1FB02109) | 0x644CDB3C) & 0x2

[0, 0, 0, 0, 0, 0, 0, 0, 0, 0, 0, 0, 0, 0, 0, 0, 0, 0, 0, 0, 0, 0, 0, 0, 0, 0, 0, 0, 0, 0, 0, 0, 0, 0, 0, 0, 0, 0, 0, 0, 0, 0, 0, 0, 0, 0, 0, 0, 0, 0]

_Expr25 : (@32[EBP + 0xCC] | 0x91C210C)[0:8]

[190, 223, 127, 60, 12, 255, 204, 205, 172, 255, 189, 252, 108, 191, 110, 190, 255, 46, 158, 77, 189, 223, 47, 14, 188, 14, 157, 12, 189, 141, 76, 255, 159, 159, 28, 140, 252, 14, 12, 46, 12, 142, 12, 30, 44, 158, 95, 30, 126, 173]

[498952126, 234798047, 421327743, 4259067708, 152871180, 4294967295, 1599958988, 152838605, 152859564, 152838655, 4189911997, 152844284, 152838508, 465463743, 534672750, 2617144254, 4294967295, 152838446, 264184734, 152838477, 152891837, 1570633695, 152838959, 152838414, 152838588, 152838414, 152838557, 492711692, 152838589, 152838541, 2044472140, 152838655, 2937879967, 152855455, 152845084, 152846220, 2669510652, 152838414, 152871180, 152838446, 2300322060, 152856974, 2300322060, 152838430, 4288507180, 152845726, 152838495, 152839454, 2669476222, 152879021]

[497641398, 82222039, 420270715, 4124325424, 32768, 4294967295, 1598901956, 193, 21160, 255, 4171291325, 5876, 108, 330197427, 532837474, 2599318450, 4294967295, 42, 247399070, 69, 53429, 1435104987, 8743, 2, 188, 2, 157, 492441092, 189, 141, 1908935236, 255, 2919791775, 25495, 14876, 16012, 2652471036, 2, 32768, 42, 2147483648, 27010, 2147483648, 18, 4137241892, 7574, 91, 1050, 2518210674, 48813]

[497641602, 82222243, 420270919, 4124325628, 32972, 203, 1598902160, 397, 21364, 459, 4171291529, 6080, 312, 330197631, 532837678, 2599318654, 203, 246, 247399274, 273, 53633, 1435105191, 8947, 206, 392, 206, 361, 492441296, 393, 345, 1908935440, 459, 2919791979, 25699, 15080, 16216, 2652471240, 206, 32972, 246, 2147483852, 27214, 2147483852, 222, 4137242096, 7778, 295, 1254, 2518210878, 49017]

